0.025468749999999984	207.06028659292289
0.026468749999999985	206.92888709141729
0.027468749999999986	206.87086385440824
0.028468749999999984	206.82204308062128
0.029468749999999985	206.67152354401014
0.030468749999999985	206.50314310229223
0.031468749999999983	206.51137177654354
0.032468749999999984	206.51030809232242
0.033468749999999985	206.51288406588475
0.034468749999999986	206.3497491347041
0.035468749999999986	206.22087857274187
0.03646874999999998	206.21539336685566
0.037468749999999981	206.21152210572779
0.038468749999999982	206.1839093125862
0.039468749999999983	205.99607853400551
0.040468749999999984	205.91357673478413
0.041468749999999985	205.8910179692846
0.042468749999999986	205.86681053023025
0.043468749999999987	205.83598268392186
0.044468749999999987	205.75158265556215
0.045468749999999988	205.76216003254763
0.046468749999999989	205.7550511810434
0.047468749999999983	205.74820885091862
0.048468749999999984	205.70352846821012
0.049468749999999985	205.57051134162825
0.050468749999999986	205.54624069210317
0.051468749999999987	205.54253897197373
0.052468749999999981	205.55040865102129
0.053468749999999982	205.58968325908947
0.054468749999999982	205.58444146758004
0.055468749999999983	205.60793802355477
0.056468749999999984	205.58120794521335
0.057468749999999985	205.56813422454087
0.058468749999999986	205.5288686935406
0.059468749999999987	205.55069674154839
0.060468749999999988	205.54622535473808
0.061468749999999989	205.54624880137419
0.062468749999999983	205.52033171998997
0.06346874999999999	205.5317085923682
0.064468749999999991	205.50977347676593
0.065468749999999992	205.51839461571561
0.066468749999999993	205.50850906949901
0.067468749999999994	205.51458241378427
0.068468749999999995	205.49953469101212
0.069468749999999982	205.44253486503786
0.070468749999999983	205.42228732343909
0.071468749999999984	205.41429741940806
0.072468749999999985	205.42153011490052
0.073468749999999985	205.35901583975846
0.074468749999999986	205.38620574729455
0.075468749999999987	205.3899562193576
0.076468749999999988	205.39299456803516
0.077468749999999989	205.38077303320816
0.078468749999999976	205.35595841327307
0.079468749999999977	205.31914813413931
0.080468749999999978	205.29330734662824
0.081468749999999979	205.2643895988102
0.08246874999999998	205.264358239324
0.08346874999999998	205.22964057554975
0.084468749999999981	205.23964134957706
0.085468749999999982	205.26227462876585
0.086468749999999983	205.26565230858284
0.087468749999999984	205.28369608357977
0.088468749999999985	205.26721141416471
0.089468749999999986	205.25050260102924
0.090468749999999987	205.24029414038898
0.091468749999999988	205.27197478522467
0.092468749999999988	205.34104457967604
0.093468749999999989	205.39704382607471
0.09446874999999999	205.43257387602915
0.095468749999999991	205.44007951042988
0.096468749999999992	205.45734346473449
0.097468749999999993	205.49178032464337
0.09846874999999998	205.64701847279633
0.099468749999999981	205.64211877979318
0.10046874999999998	205.63298045817646
0.10146874999999998	205.62164309990359
0.10246874999999998	205.74318739673626
0.10346874999999998	205.78099864926952
0.10446874999999999	205.81280848098035
0.10546874999999999	205.83864666636561
0.10646874999999999	205.88065410303216
0.10746874999999999	206.16742574906556
0.10846874999999999	206.3200636579495
0.10946874999999999	206.3667575314914
0.11046874999999999	206.39076032810001
0.11146874999999999	206.44207080726386
0.11246874999999999	206.60890101065962
0.11346874999999998	206.67430385912706
0.11446874999999998	206.71183287439825
0.11546874999999998	206.71644805779033
0.11646874999999998	206.75978623507555
0.11746874999999998	206.95503876706789
0.11846874999999998	207.0220459593468
0.11946874999999998	207.02364348232811
0.12046874999999999	207.02438621995881
0.12146874999999999	207.14522246954297
0.12246874999999999	207.32515967672549
0.12346874999999999	207.35675946496798
0.12446874999999999	207.3696043118097
0.12546874999999999	207.38361885436314
0.12646874999999999	207.41945496249755
0.12746874999999999	207.52323463700398
0.12846874999999999	207.59593187133649
0.12946874999999999	207.60915628231544
0.13046874999999997	207.62292961588579
0.13146874999999997	207.60364996216884
0.13246874999999997	207.56781521686977
0.13346874999999997	207.56010832135087
0.13446874999999997	207.54999126144895
0.13546874999999997	207.53621753419182
0.13646874999999997	207.442476497179
0.13746874999999997	207.49440974728628
0.13846874999999997	207.50016672661835
0.13946874999999997	207.49607492799876
0.14046874999999998	207.49844343091897
0.14146874999999998	207.50774946661258
0.14246874999999998	207.47848295515973
0.14346874999999998	207.45591230240692
0.14446874999999998	207.44722695297341
0.14546874999999998	207.43961640487927
0.14646874999999998	207.31934916812577
0.14746874999999998	207.3090432407306
0.14846874999999998	207.32800211495388
0.14946874999999998	207.32982070129231
0.15046874999999998	207.3300069168491
0.15146874999999999	207.37600573270714
0.15246874999999999	207.35951031841202
0.15346874999999999	207.34857566239313
0.15446874999999999	207.36283591852956
0.15546874999999999	207.33534081352576
0.15646874999999999	207.28735974417225
0.15746874999999999	207.30409559329141
0.15846874999999999	207.30364104067004
0.15946874999999999	207.30016176169261
0.16046874999999999	207.31331207717048
0.16146874999999999	207.38790631498998
0.16246875	207.39612076408449
0.16346875	207.38868865524256
0.16446875	207.35914066995494
0.16546875	207.22516982896909
0.16646875	207.17415441089622
0.16746875	207.14788685042205
0.16846875	207.15009458589836
0.16946875	207.12750016331685
0.17046874999999997	207.08936172556767
0.17146874999999998	207.0821838238229
0.17246874999999998	207.07388496286137
0.17346874999999998	207.07609207103599
0.17446874999999998	207.06419662000835
0.17546874999999998	206.97173336481276
0.17646874999999998	206.87764807097676
0.17746874999999998	206.85079103568262
0.17846874999999998	206.83777679096994
0.17946874999999998	206.67999143511975
0.18046874999999998	206.56903702731887
0.18146874999999998	206.56562177378083
0.18246874999999999	206.53521103923177
0.18346874999999999	206.49586045309422
0.18446874999999999	206.41454995507524
0.18546874999999999	206.25819214031517
0.18646874999999999	206.23168381392287
0.18746874999999999	206.23441883483022
0.18846874999999999	206.21683851440514
0.18946874999999999	206.05970022452269
0.19046874999999999	205.97806097643257
0.19146874999999999	205.94098295189988
0.19246874999999999	205.93196747137486
0.19346874999999999	205.90091297294694
0.19446875	205.65696340059955
0.19546875	205.51194753493462
0.19646875	205.47705848346308
0.19746875	205.45122956940045
0.19846875	205.39544687276106
0.19946875	205.05884529242618
0.20046875	204.98003386140928
0.20146874999999997	204.9376571833651
0.20246874999999998	204.90402231481914
0.20346874999999998	204.84343487563589
0.20446874999999998	204.58261522587952
0.20546874999999998	204.5359334699763
0.20646874999999998	204.51930099112025
0.20746874999999998	204.50877785044548
0.20846874999999998	204.49995235878941
0.20946874999999998	204.32993477699083
0.21046874999999998	204.26271074599956
0.21146874999999998	204.25954531477896
0.21246874999999998	204.26936291045419
0.21346874999999998	204.18458753013954
0.21446874999999999	204.1118231947263
0.21546874999999999	204.04368438147219
0.21646874999999999	204.01997045018268
0.21746874999999999	204.00009019182536
0.21846874999999999	203.95244790643801
0.21946874999999999	203.88468090506603
0.22046874999999999	203.87743141042608
0.22146874999999999	203.85956605164634
0.22246874999999999	203.83149299182077
0.22346874999999999	203.8425923058121
0.22446874999999999	203.75095996977964
0.22546875	203.71524906017319
0.22646875	203.70675896887781
0.22746875	203.71012498430204
0.22846875	203.67535938406203
0.22946875	203.69536906478254
0.23046875	203.70671648642434
0.23146875	203.72063196444557
0.23246875	203.7300527197259
0.23346875	203.60749138201152
0.23446874999999998	203.51658302876763
0.23546874999999998	203.51297096055168
0.23646874999999998	203.48718369881036
0.23746874999999998	203.45679308916104
0.23846874999999998	203.5550321310387
0.23946874999999998	203.61888231903055
0.24046874999999998	203.67457392429594
0.24146874999999998	203.67420362392096
0.24246874999999998	203.65033164986301
0.24346874999999998	203.54001379587757
0.24446874999999998	203.43131818251595
0.24546874999999999	203.40278010524429
0.24646874999999999	203.39090165374492
0.24746874999999999	203.42582134034839
0.24846874999999999	203.47037713421207
0.24946874999999999	203.46552196054654
0.25046875000000002	203.46372819747594
0.25146875000000002	203.49149278847125
0.25246875000000002	203.52008861467078
0.25346875000000002	203.35471654959557
0.25446875000000002	203.35324083147896
0.25546875000000002	203.36013218290734
0.25646875000000002	203.34853843403542
0.25746875000000002	203.35086616956895
0.25846875000000002	203.45328100188408
0.25946875000000003	203.46865598465718
0.26046875000000003	203.47363882480812
0.26146875000000003	203.45566201681382
0.26246875000000003	203.4820596658713
0.26346875000000003	203.49383186158323
0.26446875000000003	203.45187960024262
0.26546874999999998	203.44997100029269
0.26646874999999998	203.45190183092149
0.26746874999999998	203.52274219912132
0.26846874999999998	203.66111988231748
0.26946874999999998	203.69572575528264
0.27046874999999998	203.71665581166573
0.27146874999999998	203.74716428692156
0.27246874999999998	203.74201077608248
0.27346874999999998	203.69039321820435
0.27446874999999998	203.69614819315524
0.27546874999999998	203.7104977534805
0.27646874999999999	203.71453445368985
0.27746874999999999	203.80132624906898
0.27846874999999999	204.12931715442483
0.27946874999999999	204.18874613075994
0.28046874999999999	204.21402320725193
0.28146874999999999	204.24874109538379
0.28246874999999999	204.38714163312122
0.28346874999999999	204.547578415944
0.28446874999999999	204.59893807265289
0.28546874999999999	204.61805491315499
0.28646874999999999	204.64657736826007
0.28746875	204.73418054914933
0.28846875	204.76740946300814
0.28946875	204.77753231402082
0.29046875	204.78351605891604
0.29146875	204.8143051936265
0.29246875	204.79412828874288
0.29346875	204.88268111625246
0.29446875	204.88429517782285
0.29546875	204.89632961049443
0.29646875	204.89889801770676
0.29746875	205.1448152784431
0.29846875	205.20798870291077
0.29946875000000001	205.25355035037171
0.30046875000000001	205.27615074626115
0.30146875000000001	205.28836678509103
0.30246875000000001	205.44009724758831
0.30346875000000001	205.44189126393132
0.30446875000000001	205.42749026315602
0.30546875000000001	205.41285517576713
0.30646875000000001	205.42826915973774
0.30746875000000001	205.4080748597807
0.30846875000000001	205.3870438000634
0.30946875000000001	205.37324624805458
0.31046875000000002	205.37096419217426
0.31146875000000002	205.41851059448894
0.31246875000000002	205.43804259597263
0.31346875000000002	205.53463992581774
0.31446874999999996	205.55580583312607
0.31546874999999996	205.55746683896507
0.31646874999999997	205.40536318762906
0.31746874999999997	205.53815350115229
0.31846874999999997	205.51062985559557
0.31946874999999997	205.52263670994952
0.32046874999999997	205.50066869672335
0.32146874999999997	205.5314883867284
0.32246874999999997	205.40717880145905
0.32346874999999997	205.41113738172899
0.32446874999999997	205.40002427901166
0.32546874999999997	205.36671592902715
0.32646874999999997	205.31283518159975
0.32746874999999998	205.17008492939706
0.32846874999999998	205.15740666221541
0.32946874999999998	205.16015702693255
0.33046874999999998	205.17577777951149
0.33146874999999998	205.00945090979747
0.33246874999999998	204.97924952953127
0.33346874999999998	204.96580503160868
0.33446874999999998	204.95183684816533
0.33546874999999998	204.92011650601853
0.33646874999999998	204.79695560309656
0.33746874999999998	204.74662334415927
0.33846874999999998	204.66864160620045
0.33946874999999999	204.65798140254796
0.34046874999999999	204.65719250904419
0.34146874999999999	204.92059552380314
0.34246874999999999	204.89130725110149
0.34346874999999999	204.91865455468607
0.34446874999999999	204.91342073377527
0.34546874999999999	204.97088853086805
0.34646874999999999	204.89929549000178
0.34746874999999999	204.94864990794932
0.34846874999999999	204.94653002499277
0.34946874999999999	204.96371711315172
0.35046875	205.06075097270951
0.35146875	205.16946657205571
0.35246875	205.22170697189912
0.35346875	205.23616123889809
0.35446875	205.2505659854869
0.35546875	205.23592206642667
0.35646875	205.40243132688079
0.35746875	205.40008595684898
0.35846875	205.40489670579976
0.35946875	205.41509275034761
0.36046875	205.55222097883325
0.36146875000000001	205.7624476841502
0.36246875000000001	205.76635763240552
0.36346875000000001	205.78133614780432
0.36446875000000001	205.78954688507758
0.36546875000000001	205.85766866904854
0.36646875000000001	205.86307358821415
0.36746875000000001	205.8647508872011
0.36846875000000001	205.85626768308282
0.36946875000000001	205.8442876860243
0.37046875000000001	205.89343480368098
0.37146875000000001	206.01454544793737
0.37246875000000002	206.02369944377045
0.37346875000000002	206.03888238631106
0.37446875000000002	206.09536889020518
0.37546875000000002	206.10847885653894
0.37646875000000002	206.04535540190452
0.37746874999999996	206.06140515223362
0.37846874999999996	206.06446882525731
0.37946874999999997	206.07547731959019
0.38046874999999997	206.22641927808942
0.38146874999999997	206.27890934496361
0.38246874999999997	206.27916147514122
0.38346874999999997	206.25475975351327
0.38446874999999997	206.24133914885616
0.38546874999999997	206.20168170210206
0.38646874999999997	206.18471566655205
0.38746874999999997	206.18650191707576
0.38846874999999997	206.22778729219934
0.38946874999999997	206.22660108160812
0.39046874999999998	206.22031522699379
0.39146874999999998	206.27666074132674
0.39246874999999998	206.30495005571956
0.39346874999999998	206.30107092536932
0.39446874999999998	206.44974557796394
0.39546874999999998	206.52177806893857
0.39646874999999998	206.54108684363561
0.39746874999999998	206.52617770039603
0.39846874999999998	206.5247405334363
0.39946874999999998	206.46309160960652
0.40046874999999998	206.50717284095228
0.40146874999999999	206.54361765650515
0.40246874999999999	206.52492688113699
0.40346874999999999	206.49374845247655
0.40446874999999999	206.48878696191585
0.40546874999999999	206.48408748353711
0.40646874999999999	206.45999680516366
0.40746874999999999	206.45790250625453
0.40846874999999999	206.47362628976734
0.40946874999999999	206.52682581158777
0.41046874999999999	206.52511925541512
0.41146874999999999	206.53862566647607
0.41246875	206.54659944546449
0.41346875	206.60330545897682
0.41446875	206.64032017059444
0.41546875	206.66839044245589
0.41646875	206.65985842291002
0.41746875	206.66200247960191
0.41846875	206.55437286144101
0.41946875	206.44345774408424
0.42046875	206.38753277889793
0.42146875	206.37103183648316
0.42246875	206.35621533414479
0.42346875	206.49326952629798
0.42446875000000001	206.52771912418496
0.42546875000000001	206.5496791525843
0.42646875000000001	206.5576900158332
0.42746875000000001	206.57157016009012
0.42846875000000001	206.61731450867475
0.42946875000000001	206.69677487068284
0.43046875000000001	206.67011453515852
0.43146875000000001	206.68098706588518
0.43246875000000001	206.69147350408628
0.43346875000000001	206.56787303984842
0.43446875000000001	206.5274842300357
0.43546875000000002	206.54664311514111
0.43646875000000002	206.54915630928701
0.43746875000000002	206.54002347977558
0.43846875000000002	206.44599285827815
0.43946875000000002	206.46724844154946
0.44046875000000002	206.4449609401002
0.44146875000000002	206.4093452452579
0.44246874999999997	206.44947285650119
0.44346874999999997	206.5050855690591
0.44446874999999997	206.55390047668999
0.44546874999999997	206.56702666997887
0.44646874999999997	206.5762700851964
0.44746874999999997	206.66348692332525
0.44846874999999997	206.60417948670647
0.44946874999999997	206.59010274852645
0.45046874999999997	206.57326001236774
0.45146874999999997	206.57600745519466
0.45246874999999998	206.53019429362561
0.45346874999999998	206.46604837656031
0.45446874999999998	206.44140101340196
0.45546874999999998	206.4551251272153
0.45646874999999998	206.46588624694743
0.45746874999999998	206.48214349617797
0.45846874999999998	206.63073362163945
0.45946874999999998	206.64404702580686
0.46046874999999998	206.63134062529431
0.46146874999999998	206.61162043142494
0.46246874999999998	206.71890234658071
0.46346874999999998	206.77011525488481
0.46446874999999999	206.74564615858424
0.46546874999999999	206.76093086696295
0.46646874999999999	206.79184514128997
0.46746874999999999	206.80693871037462
0.46846874999999999	206.8801600319126
0.46946874999999999	206.89005139033608
0.47046874999999999	206.90115895084952
0.47146874999999999	206.90630294480096
0.47246874999999999	206.86945511495418
0.47346874999999999	206.84478098480142
0.47446874999999999	206.84703448550962
0.47546875	206.87187199713424
0.47646875	206.91616568636192
0.47746875	207.05768626347071
0.47846875	207.13602214309287
0.47946875	207.14310749567605
0.48046875	207.14733127893646
0.48146875	207.35273525124464
0.48246875	207.50630525509146
0.48346875	207.53842293220922
0.48446875	207.57008369615983
0.48546875	207.59054927444751
0.48646875000000001	207.71099654058133
0.48746875000000001	207.74751795428938
0.48846875000000001	207.76609532047888
0.48946875000000001	207.79000174530631
0.49046875000000001	207.78390451716916
0.49146875000000001	207.85747463046258
0.49246875000000001	207.96513986932925
0.49346875000000001	207.98846979966157
0.49446875000000001	208.00004407648936
0.49546875000000001	208.00438419510601
0.49646875000000001	208.08360606096116
0.49746875000000002	208.16687944970676
0.49846875000000002	208.20081510084623
0.49946875000000002	208.205902361494
0.50046875000000002	208.23389661924435
0.50146875000000002	208.33886052634401
0.50246875000000002	208.33599139191566
0.50346875000000002	208.33078866933414
0.50446875000000002	208.31299137191422
0.50546874999999991	208.27175752259143
0.50646875000000002	208.17096118340615
0.50746874999999991	208.14199199141981
0.50846875000000002	208.15097525546972
0.50946874999999991	208.15360185182098
0.51046875000000003	208.15750780526426
0.51146874999999992	208.13830152646048
0.51246875000000003	208.14478493479669
0.51346874999999992	208.14761980811696
0.51446875000000003	208.14558647171725
0.51546874999999992	208.15344698859451
0.51646875000000003	208.12508285062171
0.51746874999999992	208.11431950047222
0.51846875000000003	208.09710342415678
0.51946874999999992	208.07556392082748
0.52046875000000004	208.07120838711737
0.52146874999999993	208.06503632236189
0.52246875000000004	208.05722692053686
0.52346874999999993	208.0541948669219
0.52446875000000004	208.07662720216595
0.52546874999999993	208.02542209809869
0.52646875000000004	208.00733622030774
0.52746874999999993	208.01709882101429
0.52846875000000004	208.00508477890236
0.52946874999999993	207.90161269510173
0.53046875000000004	207.86828546847377
0.53146874999999993	207.86660582120263
0.53246875000000005	207.85655884839028
0.53346874999999994	207.8669890836178
0.53446875000000005	207.80406275455482
0.53546874999999994	207.769330623483
0.53646875000000005	207.75317336622041
0.53746874999999994	207.73623648801617
0.53846875000000005	207.71274095785679
0.53946874999999994	207.57291583358784
0.54046875000000005	207.47339434029988
0.54146874999999994	207.46576486071211
0.54246875000000006	207.4616917775831
0.54346874999999994	207.44767890905302
0.54446875000000006	207.36520576875878
0.54546874999999995	207.28586870813277
0.54646875000000006	207.25605098442392
0.54746874999999995	207.21886461815242
0.54846875000000006	207.16755005827829
0.54946874999999995	206.92816837856259
0.55046875000000006	206.88882579487225
0.55146874999999995	206.85446001770123
0.55246875000000006	206.86745035726713
0.55346874999999995	206.90573867046012
0.55446875000000007	206.92944678822778
0.55546874999999996	206.94313377409088
0.55646875000000007	206.95030711318429
0.55746874999999996	206.96340621266305
0.55846875000000007	206.98095481539642
0.55946874999999996	206.93769007766053
0.56046875000000007	206.89316682106559
0.56146874999999996	206.88654461597662
0.56246875000000007	206.87741354996157
0.56346874999999996	206.89765836486703
0.56446875000000007	206.95117275803278
0.56546874999999996	206.94777678104006
0.56646875000000008	206.9426219360067
0.56746874999999997	206.93991038685948
0.56846875000000008	207.00412633708567
0.56946874999999997	207.00793979548186
0.57046875000000008	207.00897051940197
0.57146874999999997	207.02234907074001
0.57246875000000008	207.07549588764275
0.57346874999999997	207.17348195255272
0.57446875000000008	207.31307625716951
0.57546874999999997	207.35659510541268
0.57646875000000009	207.36206451743021
0.57746874999999998	207.3004417734991
0.57846875000000009	207.19441730949674
0.57946874999999998	207.15830983387929
0.58046875000000009	207.12150554046713
0.58146874999999998	207.10107628264103
0.58246875000000009	207.18525770474457
0.58346874999999998	207.18635278188819
0.58446875000000009	207.20920414490087
0.58546874999999998	207.21658715430004
0.58646875000000009	207.21150279677775
0.58746874999999998	207.19501052635545
0.5884687500000001	207.19235093244293
0.58946874999999999	207.1898664105766
0.5904687500000001	207.19293879988498
0.59146874999999999	207.21508724229693
0.5924687500000001	207.16937109749409
0.59346874999999999	207.17562360666815
0.5944687500000001	207.17535124022731
0.59546874999999999	207.17469664454134
0.5964687500000001	207.17437025191012
0.59746874999999999	207.15048303923882
0.5984687500000001	207.09290615911115
0.59946874999999999	207.05619737259664
0.60046875000000011	207.04527491604023
0.60146875	207.02853205070616
0.60246874999999989	207.06696139266919
0.60346875	207.13222348445069
0.60446874999999989	207.17153554366524
0.60546875	207.19627225341844
0.60646874999999989	207.15712533342048
0.60746875	206.97858733073414
0.60846874999999989	206.93839186586723
0.60946875	206.92394844689849
0.61046874999999989	206.90158356059248
0.61146875000000001	206.87181671681802
0.6124687499999999	206.87528979481388
0.61346875000000001	206.89318175954622
0.6144687499999999	206.88648976112739
0.61546875000000001	206.88204089126828
0.6164687499999999	206.7777404853741
0.61746875000000001	206.70416415660961
0.6184687499999999	206.65464827979187
0.61946875000000001	206.63634561674664
0.6204687499999999	206.61630057066486
0.62146875000000001	206.59746531988773
0.6224687499999999	206.52227219014173
0.62346875000000002	206.52219794658564
0.62446874999999991	206.5030297492921
0.62546875000000002	206.50328987831583
0.62646874999999991	206.5663934960242
0.62746875000000002	206.51958514196255
0.62846874999999991	206.510342897621
0.62946875000000002	206.50188269399098
0.63046874999999991	206.4875887879322
0.63146875000000002	206.46927762111648
0.63246874999999991	206.45964346903756
0.63346875000000002	206.4948577558043
0.63446874999999991	206.51186401480192
0.63546875000000003	206.53488818326065
0.63646874999999992	206.58751561036505
0.63746875000000003	206.53636117686949
0.63846874999999992	206.51068319138327
0.63946875000000003	206.49539857145837
0.64046874999999992	206.50395423655905
0.64146875000000003	206.55596686599557
0.64246874999999992	206.61237787457122
0.64346875000000003	206.6158919140511
0.64446874999999992	206.59843606421728
0.64546875000000004	206.66023219200198
0.64646874999999993	206.74852749656964
0.64746875000000004	206.74539070783999
0.64846874999999993	206.74672559709833
0.64946875000000004	206.77629508506251
0.65046874999999993	206.72894303632492
0.65146875000000004	206.6798097652327
0.65246874999999993	206.68561906892612
0.65346875000000004	206.67358171312478
0.65446874999999993	206.65816298108143
0.65546875000000004	206.69659675634841
0.65646874999999993	206.77783668577703
0.65746875000000005	206.81351644168763
0.65846874999999994	206.79690862394807
0.65946875000000005	206.78099557985414
0.66046874999999994	206.68971935709004
0.66146875000000005	206.62744016980884
0.66246874999999994	206.61441789039566
0.66346875000000005	206.60658569661646
0.66446874999999994	206.59147022336774
0.66546875000000005	206.56498800859671
0.66646874999999994	206.60893750140843
0.66746875000000006	206.60968089476944
0.66846874999999994	206.6104999117951
0.66946875000000006	206.58452341340663
0.67046874999999995	206.53517030710884
0.67146875000000006	206.43405022731483
0.67246874999999995	206.44008414444423
0.67346875000000006	206.45528257761501
0.67446874999999995	206.33626531275669
0.67546875000000006	206.32197687179973
0.67646874999999995	206.3187686934146
0.67746875000000006	206.29395332501539
0.67846874999999995	206.28991169217861
0.67946875000000007	206.3796521027831
0.68046874999999996	206.28917763115203
0.68146875000000007	206.24595723755021
0.68246874999999996	206.22810853709018
0.68346875000000007	206.20058610728398
0.68446874999999996	206.1977529936469
0.68546875000000007	206.22803921688191
0.68646874999999996	206.22948154866168
0.68746875000000007	206.2410964821548
0.68846874999999996	206.26445218664344
0.68946875000000007	206.29277619954803
0.69046874999999996	206.2604000807894
0.69146875000000008	206.25265437357427
0.69246874999999997	206.25155651059413
0.69346875000000008	206.25376394523352
0.69446874999999997	206.19103879073626
0.69546875000000008	206.19491512624273
0.69646874999999997	206.20315043171667
0.69746875000000008	206.19921717574931
0.69846874999999997	206.21418516161577
0.69946875000000008	206.30488261680267
0.70046874999999997	206.28843833668225
0.70146875000000009	206.28528355889847
0.70246874999999998	206.25653301056724
0.70346875000000009	206.20883281460891
0.70446874999999998	206.09274753246081
0.70546875000000009	206.076807999116
0.70646874999999998	206.08762711164991
0.70746875000000009	206.09164874421651
0.70846874999999998	206.0587244908123
0.70946875000000009	206.0036376582128
0.71046874999999998	206.00263484686744
0.71146875000000009	206.00347316680035
0.71246874999999998	206.01311898982809
0.7134687500000001	205.95953429621082
0.71446874999999999	205.90665382806083
0.7154687500000001	205.9012213787629
0.71646874999999999	205.88783654842049
0.7174687500000001	205.91381739005905
0.71846874999999999	205.87373452345304
0.7194687500000001	205.88277953729875
0.72046874999999999	205.8578938330069
0.7214687500000001	205.83530683297457
0.72246874999999999	205.79643804923933
0.7234687500000001	205.60670665656465
0.72446874999999999	205.55901205429737
0.72546875000000011	205.55375163122045
0.72646875	205.54820616691518
0.72746875000000011	205.55497768083362
0.72846875	205.4951833779696
0.72946874999999989	205.45913194161312
0.73046875	205.45630171150404
0.73146874999999989	205.4769597372642
0.73246875	205.47330146723002
0.73346874999999989	205.41203012556772
0.73446875	205.40200399989126
0.73546874999999989	205.38262652569045
0.73646875000000001	205.38260311281135
0.7374687499999999	205.3506176070895
0.73846875000000001	205.29341542088787
0.7394687499999999	205.25006753993569
0.74046875000000001	205.24833125017057
0.7414687499999999	205.22381565647927
0.74246875000000001	205.20512359723747
0.7434687499999999	205.1698782846868
0.74446875000000001	205.15292827656037
0.7454687499999999	205.13968747378445
0.74646875000000001	205.16159740277317
0.7474687499999999	205.23504267166365
0.74846875000000002	205.28243264698369
0.74946874999999991	205.28784693589637
0.75046875000000002	205.30663768080117
0.75146874999999991	205.33955561285515
0.75246875000000002	205.29865998136415
0.75346874999999991	205.2683190082721
0.75446875000000002	205.27325318352516
0.75546874999999991	205.26644614589782
0.75646875000000002	205.23930859983784
0.75746874999999991	205.33465052372182
0.75846875000000002	205.40033286738671
0.75946874999999991	205.40973094499196
0.76046875000000003	205.41859543442575
0.76146874999999992	205.42690000052269
0.76246875000000003	205.63856165653067
0.76346874999999992	205.69509341703784
0.76446875000000003	205.71975584469877
0.76546874999999992	205.72250739367507
0.76646875000000003	205.7586602488955
0.76746874999999992	205.82385197553924
0.76846875000000003	205.84266992561587
0.76946874999999992	205.84362114591534
0.77046875000000004	205.8532985542999
0.77146874999999993	205.92931194327011
0.77246875000000004	206.01455001105163
0.77346874999999993	206.03985212338137
0.77446875000000004	206.06664238319766
0.77546874999999993	206.05614542054823
0.77646875000000004	206.0627176419224
0.77746874999999993	206.23894834903743
0.77846875000000004	206.30598370438042
0.77946874999999993	206.32157175731118
0.78046875000000004	206.34084633778849
0.78146874999999993	206.48648024472485
0.78246875000000005	206.54612623400124
0.78346874999999994	206.53404733905523
0.78446875000000005	206.54422145732079
0.78546874999999994	206.53653472378934
0.78646875000000005	206.57406227074881
0.78746874999999994	206.60513261760789
0.78846875000000005	206.63133528901795
0.78946874999999994	206.63508670687978
0.79046875000000005	206.66052503606466
0.79146874999999994	206.77596316327123
0.79246875000000006	206.88340680317341
0.79346874999999994	206.93321206621843
0.79446875000000006	206.96358416122246
0.79546874999999995	206.98175136452835
0.79646875000000006	207.01629507757957
0.79746874999999995	207.02724881561576
0.79846875000000006	207.04651712457715
0.79946874999999995	207.03412186852026
0.80046875000000006	207.07805287207131
0.80146874999999995	207.15870544881452
0.80246875000000006	207.1658873771687
0.80346874999999995	207.18221829726431
0.80446875000000007	207.15772974277411
0.80546874999999996	207.14877771235825
0.80646875000000007	207.13728592053727
0.80746874999999996	207.15156346992487
0.80846875000000007	207.17013085779624
0.80946874999999996	207.18628099857503
0.81046875000000007	207.13631374075513
0.81146874999999996	207.13934913430529
0.81246875000000007	207.12850957868847
0.81346874999999996	207.11956978433562
0.81446875000000007	207.13177231691665
0.81546874999999996	207.14898267343793
0.81646875000000008	207.12019985002902
0.81746874999999997	207.12837160216321
0.81846875000000008	207.10733907434613
0.81946874999999997	207.09877501238469
0.82046875000000008	207.13963030394328
0.82146874999999997	207.1607496053544
0.82246875000000008	207.16783795709273
0.82346874999999997	207.17729078458365
0.82446875000000008	207.18849257871636
0.82546874999999997	207.23240898228352
0.82646875000000009	207.26939588150046
0.82746874999999998	207.26515059859275
0.82846875000000009	207.25480073181154
0.82946874999999998	207.21483268018321
0.83046875000000009	207.17351350023517
0.83146874999999998	207.11693740816233
0.83246875000000009	207.12582229627958
0.83346874999999998	207.16689756396698
0.83446875000000009	207.23668854344103
0.83546874999999998	207.37137568864989
0.83646875000000009	207.45281116313825
0.83746874999999998	207.47016375562185
0.8384687500000001	207.46035149967852
0.83946874999999999	207.36368682246567
0.8404687500000001	207.32798810972565
0.84146874999999999	207.31321538632565
0.8424687500000001	207.3024682024853
0.84346874999999999	207.29312325118477
0.8444687500000001	207.34450188156805
0.84546874999999999	207.31961884472284
0.8464687500000001	207.29751941457076
0.84746874999999999	207.29304896275809
0.8484687500000001	207.28823172717603
0.84946874999999999	207.1537088595355
0.85046875000000011	207.07822351763619
0.85146875	207.05656033400516
0.85246875000000011	207.05842960783238
0.85346875	207.03766106482095
0.85446875000000011	207.01466579922896
0.85546875	207.03045708295073
0.85646875000000011	207.0538373682981
0.85746875	207.04081329928567
0.85846874999999989	206.90018319458477
0.85946875	206.6827625432106
0.86046874999999989	206.61027225946054
0.86146875000000001	206.56385680416204
0.8624687499999999	206.52262782627972
0.86346875000000001	206.45677989681244
0.8644687499999999	206.4035678836058
0.86546875000000001	206.36601770501974
0.8664687499999999	206.33230805707464
0.86746875000000001	206.29672805933959
0.8684687499999999	206.1267246806149
0.86946875000000001	205.80520998052609
0.8704687499999999	205.77573699634209
0.87146875000000001	205.76590516924631
0.8724687499999999	205.76121914020547
0.87346875000000002	205.66571448038857
0.87446874999999991	205.547098506428
0.87546875000000002	205.54914356696239
0.87646874999999991	205.55010182634547
0.87746875000000002	205.53812178232556
0.87846874999999991	205.47630832592597
0.87946875000000002	205.37311646124314
0.88046874999999991	205.34462230438461
0.88146875000000002	205.30880854241187
0.88246874999999991	205.25224244959406
0.88346875000000002	205.08869775694365
0.88446874999999991	205.07853164452291
0.88546875000000003	205.03582013756409
0.88646874999999992	205.02590162617443
0.88746875000000003	205.02276841993887
0.88846874999999992	204.85543000225556
0.88946875000000003	204.85624742747765
0.89046874999999992	204.8578373070865
0.89146875000000003	204.86835840616422
0.89246874999999992	204.8766942931897
0.89346875000000003	204.77607189094607
0.89446874999999992	204.76215194452706
0.89546875000000004	204.7546849020269
0.89646874999999993	204.75935548760128
0.89746875000000004	204.72781312663733
0.89846874999999993	204.67378495358977
0.89946875000000004	204.6608105121114
0.90046874999999993	204.61319520350793
0.90146875000000004	204.59178618957927
0.90246874999999993	204.61807388904441
0.90346875000000004	204.45954910477505
0.90446874999999993	204.45552972359673
0.90546875000000004	204.48516282433698
0.90646874999999993	204.50518079685057
0.90746875000000005	204.5762291852003
0.90846874999999994	204.61018650330993
0.90946875000000005	204.60508748153637
0.91046874999999994	204.60166248131756
0.91146875000000005	204.60141136414441
0.91246874999999994	204.52890359261423
0.91346875000000005	204.47415308661925
0.91446874999999994	204.45621354895678
0.91546875000000005	204.45023296087717
0.91646874999999994	204.45612079902648
0.91746875000000006	204.55003595172474
0.91846874999999994	204.6392476812386
0.91946875000000006	204.67167052539554
0.92046874999999995	204.67701621223907
0.92146875000000006	204.67245683913472
0.92246874999999995	204.7650777041946
0.92346875000000006	204.78072587757143
0.92446874999999995	204.7719766165394
0.92546875000000006	204.77863656384153
0.92646874999999995	204.779776171143
0.92746875000000006	204.71512258573392
0.92846874999999995	204.79522059722942
0.92946875000000007	204.820641205893
0.93046874999999996	204.8340327416843
0.93146875000000007	204.85441682963372
0.93246874999999996	204.85262001912369
0.93346875000000007	204.82768814701154
0.93446874999999996	204.82604759214712
0.93546875000000007	204.83947414198803
0.93646874999999996	204.93460400126301
0.93746875000000007	205.10662370101278
0.93846874999999996	205.156440459827
0.93946875000000007	205.17277281622566
0.94046874999999996	205.17765323880147
0.94146875000000008	205.0789063088302
0.94246874999999997	205.02762891923388
0.94346875000000008	204.98904071463988
0.94446874999999997	204.96269463494104
0.94546875000000008	204.93986324474463
0.94646874999999997	205.07785986305936
0.94746875000000008	205.09398037075943
0.94846874999999997	205.08815874202907
0.94946875000000008	205.11761815933994
0.95046874999999997	205.13681999419768
0.95146875000000009	205.12619918789221
0.95246874999999998	205.20993925230357
0.95346875000000009	205.22082285991505
0.95446874999999998	205.22010540416659
0.95546875000000009	205.23080315201673
0.95646874999999998	205.30628847983903
0.95746875000000009	205.37157759600368
0.95846874999999998	205.38499764929713
0.95946875000000009	205.37775630630995
0.96046874999999998	205.36659933438256
0.96146875000000009	205.30460574417518
0.96246874999999998	205.28770467187087
0.9634687500000001	205.28281466476329
0.96446874999999999	205.28152679700071
0.9654687500000001	205.29400190351035
0.96646874999999999	205.58151400832602
0.9674687500000001	205.66713588792913
0.96846874999999999	205.71073634220193
0.9694687500000001	205.74314303121756
0.97046874999999999	205.82174649050356
0.9714687500000001	205.89300282361341
0.97246874999999999	205.9042129984476
0.9734687500000001	205.92434604035125
0.97446874999999999	205.916058459092
0.97546875000000011	206.13297323436117
0.97646875	206.34285318754488
0.97746875000000011	206.39982003708289
0.97846875	206.42123909885925
0.97946875000000011	206.43343658349607
0.98046875	206.44628957203909
0.98146875000000011	206.48581923857679
0.98246875	206.51924732023639
0.98346875000000011	206.52612603414116
0.98446875	206.53402815903326
0.98546874999999989	206.65503473356378
0.98646875000000001	206.88439805270878
0.9874687499999999	206.91538570881744
0.98846875000000001	206.94403679117218
0.9894687499999999	206.9537887028323
0.99046875000000001	207.02421066062016
0.9914687499999999	207.09560785532062
0.99246875000000001	207.09269014700322
0.9934687499999999	207.09200594360757
0.99446875000000001	207.11613903012767
0.9954687499999999	207.17214543388931
0.99646875000000001	207.21436295767683
0.9974687499999999	207.22727151758113
0.99846875000000002	207.2311973777833
0.99946874999999991	207.26193600293612
1.00046875	207.26725409467056
1.0014687499999999	207.28457877949927
1.00246875	207.28765481727029
1.0034687499999999	207.30498423277714
1.00446875	207.42995359481102
1.0054687499999999	207.58305815406766
1.00646875	207.69532397049849
1.0074687499999999	207.72760795201728
1.00846875	207.75377312408571
1.0094687499999999	207.93825262138384
1.01046875	208.04696400498901
1.0114687499999999	208.04194818108374
1.01246875	208.05989752854254
1.0134687499999999	208.07550929089996
1.01446875	208.13767661851276
1.0154687499999999	208.25292291791902
1.01646875	208.28480682604695
1.0174687499999999	208.31223937669657
1.01846875	208.30342537554367
1.0194687499999999	208.2546383878684
1.02046875	208.36047673574231
1.0214687499999999	208.3535376102063
1.02246875	208.33916722117144
1.0234687499999999	208.4010861674731
1.02446875	208.51722857798632
1.0254687499999999	208.60056173738457
1.02646875	208.61474399763236
1.0274687499999999	208.62515640629465
1.02846875	208.58458999589638
1.0294687499999999	208.58167019354639
1.03046875	208.57570042167904
1.0314687499999999	208.57060703408698
1.03246875	208.58749137779134
1.0334687499999999	208.56671444115813
1.03446875	208.50647178739675
1.0354687499999999	208.46885848594826
1.03646875	208.48255092644237
1.0374687499999999	208.48978729630022
1.0384687500000001	208.52028232790585
1.0394687499999999	208.54231776229167
1.0404687500000001	208.55891784820577
1.0414687499999999	208.55696857629968
1.0424687500000001	208.54775871704391
1.0434687499999999	208.52937491988095
1.0444687500000001	208.58607549516998
1.0454687499999999	208.58080920398939
1.0464687500000001	208.58502577725923
1.0474687499999999	208.54939971176159
1.0484687500000001	208.45266231196612
1.04946875	208.39988328991919
1.0504687499999998	208.37091999178884
1.05146875	208.3680988541866
1.0524687499999998	208.32899961289658
1.05346875	208.31555482043777
1.0544687499999998	208.31844656739406
1.05546875	208.30967958507406
1.0564687499999998	208.29742480616318
1.05746875	208.20619820538099
1.0584687499999998	208.17335279195902
1.05946875	208.15501979823804
1.0604687499999998	208.14619855036651
1.06146875	208.12104622392033
1.0624687499999999	208.00436855722111
1.06346875	207.85660350973001
1.0644687499999999	207.81111813403899
1.06546875	207.76788220134554
1.0664687499999999	207.74039798541511
1.06746875	207.65929984672795
1.0684687499999999	207.55786343237349
1.06946875	207.51662469345541
1.0704687499999999	207.4729768126156
1.07146875	207.46426420623447
1.0724687499999999	207.40299974550274
1.07346875	207.33453447251748
1.0744687499999999	207.25960303689254
1.07546875	207.22556197201209
1.0764687499999999	207.08263095574293
1.07746875	206.90348535484642
1.0784687499999999	206.87388821780974
1.07946875	206.86834114645126
1.0804687499999999	206.85915255898982
1.08146875	206.87493859088818
1.0824687499999999	206.80045526846976
1.08346875	206.77620576838046
1.0844687499999999	206.78885276456617
1.08546875	206.78197253416249
1.0864687499999999	206.68762026285359
1.08746875	206.61765394730079
1.0884687499999999	206.61844729219334
1.08946875	206.61394136966251
1.0904687499999999	206.59367711123909
1.09146875	206.55281318723183
1.0924687499999999	206.45964116659164
1.09346875	206.45974557286715
1.0944687499999999	206.44747828926933
1.09546875	206.4501208428704
1.0964687499999999	206.31252196670948
1.09746875	206.22565728540548
1.0984687499999999	206.22005004002938
1.09946875	206.21140851615138
1.1004687499999999	206.1920597831176
1.10146875	206.2358178891748
1.1024687499999999	206.26034200162243
1.10346875	206.25914148126139
1.1044687499999999	206.26037209263097
1.10546875	206.17752551729509
1.1064687499999999	205.82267900723508
1.10746875	205.75589782703372
1.1084687499999999	205.74730272128966
1.10946875	205.7203781065927
1.1104687499999999	205.69113089938224
1.11146875	205.64967506948184
1.1124687499999999	205.61244628622106
1.11346875	205.6056748506098
1.1144687499999999	205.59279288366375
1.11546875	205.37632524729105
1.1164687499999999	205.1711324781979
1.11746875	205.13959474624474
1.1184687499999999	205.10415362518074
1.11946875	205.07980411921005
1.1204687499999999	205.04758683002211
1.12146875	204.95121771029028
1.1224687499999999	204.92326390001526
1.12346875	204.92507893468635
1.1244687499999999	204.89981004671614
1.12546875	204.74324670705823
1.1264687499999999	204.47973711142564
1.12746875	204.46116347456788
1.1284687499999999	204.46095689771147
1.12946875	204.4345493543791
1.1304687499999999	204.23086553679892
1.13146875	204.13479762395946
1.1324687499999999	204.11690344468906
1.13346875	204.11235783130826
1.1344687499999999	204.07988373106687
1.13546875	203.60898752077583
1.1364687499999999	203.42410168151574
1.13746875	203.39578616151024
1.1384687499999999	203.38080817357087
1.13946875	203.34155499692821
1.1404687499999999	203.26960490567075
1.14146875	203.2652813680144
1.1424687499999999	203.22945684098076
1.14346875	203.21660563053811
1.1444687499999999	203.16680644476997
1.14546875	202.5180817075734
1.1464687499999999	202.37215567621641
1.14746875	202.34752103816808
1.1484687499999999	202.33433184316601
1.14946875	202.35267644913534
1.1504687499999999	202.41463458068986
1.15146875	202.40241965291017
1.1524687499999999	202.42276682235669
1.15346875	202.44869852544477
1.1544687499999999	202.46918754827959
1.15546875	202.46024437692589
1.1564687499999999	202.43410304522357
1.15746875	202.42082920889467
1.1584687499999999	202.43731540839363
1.15946875	202.42404813260094
1.1604687499999999	202.44119982501553
1.16146875	202.43834795168712
1.1624687499999999	202.4267395705358
1.1634687500000001	202.40447235740905
1.1644687499999999	202.45442151044514
1.1654687500000001	202.58758265147887
1.1664687499999999	202.61771819902816
1.1674687500000001	202.6544477724066
1.1684687499999999	202.68321645991458
1.1694687500000001	202.75833019826334
1.1704687499999999	203.266933542055
1.1714687500000001	203.34168394509402
1.1724687499999999	203.3705015053504
1.1734687500000001	203.39323982511053
1.17446875	203.22583609589367
1.1754687500000001	203.07333834105208
1.17646875	203.07348640039555
1.1774687500000001	203.0675368201986
1.17846875	203.0533792347353
1.1794687499999998	203.1241130601895
1.18046875	203.05331580621137
1.1814687499999998	203.05275712140616
1.18246875	203.06302414778474
1.1834687499999998	203.01432300674466
1.18446875	202.98465289893616
1.1854687499999998	203.07487472677909
1.18646875	203.07312902653922
1.1874687499999999	203.06609934266049
1.18846875	203.09578554211382
1.1894687499999999	203.01068895184471
1.19046875	202.86391227291998
1.1914687499999999	202.85346201605068
1.19246875	202.84722515128814
1.1934687499999999	202.84366112738505
1.19446875	202.89658597986949
1.1954687499999999	202.91387867952
1.19646875	202.91133877867424
1.1974687499999999	202.9256010159142
1.19846875	202.92602444930378
1.1994687499999999	203.12979839887481
1.20046875	203.17312525116199
1.2014687499999999	203.16887887111437
1.20246875	203.1443987287837
1.2034687499999999	203.13598202367703
1.20446875	203.12379421284871
1.2054687499999999	203.20428689824118
1.20646875	203.20014879052039
1.2074687499999999	203.20143853905006
1.20846875	203.22935525448517
1.2094687499999999	203.21150166963093
1.21046875	203.18009561637632
1.2114687499999999	203.16674675314383
1.21246875	203.16396913221877
1.2134687499999999	203.18939027585759
1.21446875	203.48445044503245
1.2154687499999999	203.53050328936763
1.21646875	203.53617763322717
1.2174687499999999	203.54801577255378
1.21846875	203.56136243264299
1.2194687499999999	203.73057670174768
1.22046875	203.75703608864345
1.2214687499999999	203.76301095113774
1.22246875	203.74249688590447
1.2234687499999999	203.75230851470261
1.22446875	203.94255549989288
1.2254687499999999	203.96237742889232
1.22646875	203.96620388675626
1.2274687499999999	204.00289003109009
1.22846875	204.03584666276356
1.2294687499999999	204.10631572572035
1.23046875	204.17581051471885
1.2314687499999999	204.20311341666792
1.23246875	204.21884618613751
1.2334687499999999	204.23348819752033
1.23446875	204.51137123208593
1.2354687499999999	204.5818297049538
1.23646875	204.60655272790962
1.2374687499999999	204.63521225396937
1.23846875	204.67205198849479
1.2394687499999999	204.66597845792441
1.24046875	204.65997490988494
1.2414687499999999	204.63845220235814
1.24246875	204.62403124860111
1.2434687499999999	204.72622682887476
1.24446875	204.81010458773633
1.2454687499999999	204.79751178039305
1.24646875	204.7959709829419
1.2474687499999999	204.82988714851629
1.24846875	204.87270663343222
1.2494687499999999	204.86998997535548
1.25046875	204.8675051922292
1.2514687499999999	204.8659241508374
1.25246875	204.88413344403753
1.2534687499999999	205.01056104011886
1.25446875	205.0921958219823
1.2554687499999999	205.1184513630152
1.25646875	205.12789348559258
1.2574687499999999	205.14896699129019
1.25846875	205.33523849476435
1.2594687499999999	205.37692952231319
1.26046875	205.3780282787867
1.2614687499999999	205.35903103448766
1.26246875	205.3292562545316
1.2634687499999999	205.37077109506009
1.26446875	205.34596237727274
1.2654687499999999	205.34394073042179
1.26646875	205.34836777506541
1.2674687499999999	205.33030178033138
1.26846875	205.21270381017783
1.2694687499999999	205.16960425030533
1.27046875	205.18378520310256
1.2714687499999999	205.21222962338388
1.27246875	205.31938376850874
1.2734687499999999	205.47691458752314
1.27446875	205.55764526727245
1.2754687499999999	205.56259794854657
1.27646875	205.57377708962073
1.2774687499999999	205.54626202533416
1.27846875	205.55076614077208
1.2794687499999999	205.55884661620146
1.28046875	205.54667789931142
1.2814687499999999	205.50760293514313
1.28246875	205.58368397104297
1.2834687499999999	205.55328660999953
1.28446875	205.55832097444639
1.2854687499999999	205.57207324908808
1.28646875	205.62034812768701
1.2874687499999999	205.74843776539535
1.2884687500000001	205.79715456716107
1.2894687499999999	205.80861184979156
1.2904687500000001	205.8061646244777
1.2914687499999999	205.83779076133791
1.2924687500000001	206.08459795399529
1.2934687499999999	206.20644210167453
1.2944687500000001	206.25218993132444
1.2954687499999999	206.28688974617134
1.2964687500000001	206.3425724971008
1.2974687499999999	206.50926385501202
1.2984687500000001	206.49723658995421
1.29946875	206.52813969625069
1.3004687500000001	206.55933494340181
1.30146875	206.76838102382541
1.3024687500000001	206.98420734392377
1.30346875	207.09886331256152
1.3044687500000001	207.12847011169595
1.30546875	207.1417958714124
1.3064687499999998	207.32970451863977
1.30746875	207.48081123447312
1.3084687499999998	207.56433290893366
1.30946875	207.58867355310912
1.3104687499999998	207.61656047884776
1.31146875	207.61594820923844
1.3124687499999999	207.77583624578324
1.31346875	207.82939763219605
1.3144687499999999	207.86482307139812
1.31546875	207.87366216177833
1.3164687499999999	207.9672894801825
1.31746875	208.10780063020263
1.3184687499999999	208.12482031062606
1.31946875	208.12398586127955
1.3204687499999999	208.14656829500879
1.32146875	208.34441227424014
1.3224687499999999	208.49350948324474
1.32346875	208.51044718499412
1.3244687499999999	208.496365410115
1.32546875	208.39882943868898
1.3264687499999999	208.2754608092873
1.32746875	208.22088972168618
1.3284687499999999	208.21082043275075
1.32946875	208.20365995399641
1.3304687499999999	208.18469187935059
1.33146875	208.18985454430685
1.3324687499999999	208.1901401337538
1.33346875	208.20694752917575
1.3344687499999999	208.21554147242693
1.33546875	208.1662577225822
1.3364687499999999	208.24361834928891
1.33746875	208.23988041293555
1.3384687499999999	208.23336484350762
1.33946875	208.21525619541342
1.3404687499999999	208.08200587436164
1.34146875	207.99375595744996
1.3424687499999999	207.95602271810742
1.34346875	207.93468247883672
1.3444687499999999	207.89435283850634
1.34546875	207.81188582914669
1.3464687499999999	207.51936902973236
1.34746875	207.45058834117521
1.3484687499999999	207.44922515546017
1.34946875	207.41595539725432
1.3504687499999999	207.40786331776442
1.35146875	207.47281658468734
1.3524687499999999	207.51104822378528
1.35346875	207.51717617559029
1.3544687499999999	207.45306127748123
1.35546875	207.39321986193721
1.3564687499999999	207.35383960995986
1.35746875	207.33300013732909
1.3584687499999999	207.31406861509572
1.35946875	207.18485792384917
1.3604687499999999	207.07643081162431
1.36146875	207.02428130072559
1.3624687499999999	207.00644222135369
1.36346875	206.97376207287499
1.3644687499999999	206.93735300112689
1.36546875	206.84675789815253
1.3664687499999999	206.8355213403762
1.36746875	206.83530973079991
1.3684687499999999	206.8324640551283
1.36946875	206.82611220677947
1.3704687499999999	206.74560994915046
1.37146875	206.74297869563915
1.3724687499999999	206.75809213950666
1.37346875	206.73521747922294
1.3744687499999999	206.50425485234018
1.37546875	206.45001380896161
1.3764687499999999	206.45435010160517
1.37746875	206.44173548620165
1.3784687499999999	206.40056643899925
1.37946875	206.32076223917423
1.3804687499999999	206.26974409600859
1.38146875	206.21999307306484
1.3824687499999999	206.17473543169862
1.38346875	206.13968343796668
1.3844687499999999	206.15989893277074
1.38546875	206.11906250098713
1.3864687499999999	206.10163676294241
1.38746875	206.08362356470403
1.3884687499999999	206.13849680493774
1.38946875	206.04393421604047
1.3904687499999999	206.06896609277661
1.39146875	206.07726515876911
1.3924687499999999	206.12838607741156
1.39346875	206.06816412854886
1.3944687499999999	205.98304779615722
1.39546875	205.9804950157135
1.3964687499999999	205.96288707867407
1.39746875	205.94727673435699
1.3984687499999999	205.8399747902001
1.39946875	205.90249532672405
1.4004687499999999	205.88917966161705
1.40146875	205.88318771929619
1.4024687499999999	205.84294527742358
1.40346875	205.85808856716051
1.4044687499999999	205.82256043904789
1.40546875	205.80903365354052
1.4064687499999999	205.81303663035939
1.40746875	205.81399544258247
1.4084687499999999	205.7201966128946
1.40946875	205.67426133228867
1.4104687499999999	205.66804255838281
1.41146875	205.66415743868973
1.4124687499999999	205.65292666985809
1.4134687500000001	205.39977645020718
1.4144687499999999	205.34237286437991
1.4154687500000001	205.32119815099693
1.4164687499999999	205.29593125023709
1.4174687500000001	205.18739145562481
1.4184687499999999	205.09624482029261
1.4194687500000001	205.04317590306761
1.4204687499999999	205.01106945424635
1.4214687500000001	204.99350063616407
1.4224687499999999	205.00394947788735
1.4234687500000001	205.00112272699306
1.42446875	204.96878467491217
1.4254687500000001	204.97878485480697
1.42646875	204.95049792970798
1.4274687500000001	204.78455316478269
1.42846875	204.57189275336111
1.4294687500000001	204.55148037973936
1.43046875	204.53895209269402
1.4314687500000001	204.5305424327874
1.43246875	204.47344045942972
1.4334687499999998	204.33306955475143
1.43446875	204.32933506056435
1.4354687499999998	204.3232077977303
1.43646875	204.30278000971455
1.4374687499999999	204.14495248594446
1.43846875	204.13800557743886
1.4394687499999999	204.14946089558501
1.44046875	204.13751053327155
1.4414687499999999	204.11894859845751
1.44246875	204.05870880418857
1.4434687499999999	203.98113677020811
1.44446875	203.95274159943085
1.4454687499999999	203.94095765949925
1.44646875	203.91661488366802
1.4474687499999999	203.69905902859861
1.44846875	203.59815835613676
1.4494687499999999	203.58981800348579
1.45046875	203.59098502394355
1.4514687499999999	203.60547602556252
1.45246875	203.5486459140559
1.4534687499999999	203.52175867298891
1.45446875	203.54206844899178
1.4554687499999999	203.54848340711547
1.45646875	203.52391690102161
1.4574687499999999	203.4058442108707
1.45846875	203.37931034543053
1.4594687499999999	203.3339630476647
1.46046875	203.30816815721184
1.4614687499999999	203.28858575304483
1.46246875	203.26971154150064
1.4634687499999999	203.19448176092152
1.46446875	203.16377173591832
1.4654687499999999	203.14131705746067
1.46646875	203.1404547227643
1.4674687499999999	203.17296810500963
1.46846875	203.17121988567388
1.4694687499999999	203.1677957681147
1.47046875	203.17344015865359
1.4714687499999999	203.16358974864218
1.47246875	203.05175026888986
1.4734687499999999	203.01006629921432
1.47446875	203.00447108731149
1.4754687499999999	203.00222774739871
